2026-10-04 09:55
第三盘42步，372分，最大64，仍可继续。

{
  "board": [
    [
      4,
      0,
      0,
      0
    ],
    [
      4,
      0,
      2,
      0
    ],
    [
      64,
      0,
      0,
      0
    ],
    [
      16,
      8,
      0,
      0
    ]
  ],
  "score": 372,
  "moves": 42,
  "history": [
    {
      "direction": "left",
      "gained": 4,
      "spawn": [
        0,
        3,
        2
      ],
      "board": [
        [
          0,
          0,
          0,
          2
        ],
        [
          0,
          0,
          0,
          0
        ],
        [
          0,
          0,
          0,
          0
        ],
        [
          4,
          0,
          0,
          0
        ]
      ]
    },
    {
      "direction": "up",
      "gained": 0,
      "spawn": [
        3,
        0,
        2
      ],
      "board": [
        [
          4,
          0,
          0,
          2
        ],
        [
          0,
          0,
          0,
          0
        ],
        [
          0,
          0,
          0,
          0
        ],
        [
          2,
          0,
          0,
          0
        ]
      ]
    },
    {
      "direction": "left",
      "gained": 0,
      "spawn": [
        2,
        1,
        2
      ],
      "board": [
        [
          4,
          2,
          0,
          0
        ],
        [
          0,
          0,
          0,
          0
        ],
        [
          0,
          2,
          0,
          0
        ],
        [
          2,
          0,
          0,
          0
        ]
      ]
    },
    {
      "direction": "up",
      "gained": 4,
      "spawn": [
        3,
        3,
        2
      ],
      "board": [
        [
          4,
          4,
          0,
          0
        ],
        [
          2,
          0,
          0,
          0
        ],
        [
          0,
          0,
          0,
          0
        ],
        [
          0,
          0,
          0,
          2
        ]
      ]
    },
    {
      "direction": "left",
      "gained": 8,
      "spawn": [
        2,
        2,
        2
      ],
      "board": [
        [
          8,
          0,
          0,
          0
        ],
        [
          2,
          0,
          0,
          0
        ],
        [
          0,
          0,
          2,
          0
        ],
        [
          2,
          0,
          0,
          0
        ]
      ]
    },
    {
      "direction": "up",
      "gained": 4,
      "spawn": [
        2,
        2,
        2
      ],
      "board": [
        [
          8,
          0,
          2,
          0
        ],
        [
          4,
          0,
          0,
          0
        ],
        [
          0,
          0,
          2,
          0
        ],
        [
          0,
          0,
          0,
          0
        ]
      ]
    },
    {
      "direction": "up",
      "gained": 4,
      "spawn": [
        0,
        3,
        2
      ],
      "board": [
        [
          8,
          0,
          4,
          2
        ],
        [
          4,
          0,
          0,
          0
        ],
        [
          0,
          0,
          0,
          0
        ],
        [
          0,
          0,
          0,
          0
        ]
      ]
    },
    {
      "direction": "left",
      "gained": 0,
      "spawn": [
        3,
        1,
        4
      ],
      "board": [
        [
          8,
          4,
          2,
          0
        ],
        [
          4,
          0,
          0,
          0
        ],
        [
          0,
          0,
          0,
          0
        ],
        [
          0,
          4,
          0,
          0
        ]
      ]
    },
    {
      "direction": "up",
      "gained": 8,
      "spawn": [
        3,
        1,
        2
      ],
      "board": [
        [
          8,
          8,
          2,
          0
        ],
        [
          4,
          0,
          0,
          0
        ],
        [
          0,
          0,
          0,
          0
        ],
        [
          0,
          2,
          0,
          0
        ]
      ]
    },
    {
      "direction": "left",
      "gained": 16,
      "spawn": [
        3,
        3,
        2
      ],
      "board": [
        [
          16,
          2,
          0,
          0
        ],
        [
          4,
          0,
          0,
          0
        ],
        [
          0,
          0,
          0,
          0
        ],
        [
          2,
          0,
          0,
          2
        ]
      ]
    },
    {
      "direction": "left",
      "gained": 4,
      "spawn": [
        3,
        2,
        4
      ],
      "board": [
        [
          16,
          2,
          0,
          0
        ],
        [
          4,
          0,
          0,
          0
        ],
        [
          0,
          0,
          0,
          0
        ],
        [
          4,
          0,
          4,
          0
        ]
      ]
    },
    {
      "direction": "up",
      "gained": 8,
      "spawn": [
        2,
        3,
        2
      ],
      "board": [
        [
          16,
          2,
          4,
          0
        ],
        [
          8,
          0,
          0,
          0
        ],
        [
          0,
          0,
          0,
          2
        ],
        [
          0,
          0,
          0,
          0
        ]
      ]
    },
    {
      "direction": "left",
      "gained": 0,
      "spawn": [
        3,
        2,
        2
      ],
      "board": [
        [
          16,
          2,
          4,
          0
        ],
        [
          8,
          0,
          0,
          0
        ],
        [
          2,
          0,
          0,
          0
        ],
        [
          0,
          0,
          2,
          0
        ]
      ]
    },
    {
      "direction": "left",
      "gained": 0,
      "spawn": [
        1,
        2,
        2
      ],
      "board": [
        [
          16,
          2,
          4,
          0
        ],
        [
          8,
          0,
          2,
          0
        ],
        [
          2,
          0,
          0,
          0
        ],
        [
          2,
          0,
          0,
          0
        ]
      ]
    },
    {
      "direction": "left",
      "gained": 0,
      "spawn": [
        3,
        2,
        2
      ],
      "board": [
        [
          16,
          2,
          4,
          0
        ],
        [
          8,
          2,
          0,
          0
        ],
        [
          2,
          0,
          0,
          0
        ],
        [
          2,
          0,
          2,
          0
        ]
      ]
    },
    {
      "direction": "up",
      "gained": 8,
      "spawn": [
        2,
        1,
        2
      ],
      "board": [
        [
          16,
          4,
          4,
          0
        ],
        [
          8,
          0,
          2,
          0
        ],
        [
          4,
          2,
          0,
          0
        ],
        [
          0,
          0,
          0,
          0
        ]
      ]
    },
    {
      "direction": "left",
      "gained": 8,
      "spawn": [
        1,
        2,
        2
      ],
      "board": [
        [
          16,
          8,
          0,
          0
        ],
        [
          8,
          2,
          2,
          0
        ],
        [
          4,
          2,
          0,
          0
        ],
        [
          0,
          0,
          0,
          0
        ]
      ]
    },
    {
      "direction": "left",
      "gained": 4,
      "spawn": [
        0,
        2,
        2
      ],
      "board": [
        [
          16,
          8,
          2,
          0
        ],
        [
          8,
          4,
          0,
          0
        ],
        [
          4,
          2,
          0,
          0
        ],
        [
          0,
          0,
          0,
          0
        ]
      ]
    },
    {
      "direction": "right",
      "gained": 0,
      "spawn": [
        2,
        1,
        2
      ],
      "board": [
        [
          0,
          16,
          8,
          2
        ],
        [
          0,
          0,
          8,
          4
        ],
        [
          0,
          2,
          4,
          2
        ],
        [
          0,
          0,
          0,
          0
        ]
      ]
    },
    {
      "direction": "up",
      "gained": 16,
      "spawn": [
        2,
        1,
        2
      ],
      "board": [
        [
          0,
          16,
          16,
          2
        ],
        [
          0,
          2,
          4,
          4
        ],
        [
          0,
          2,
          0,
          2
        ],
        [
          0,
          0,
          0,
          0
        ]
      ]
    },
    {
      "direction": "left",
      "gained": 44,
      "spawn": [
        3,
        0,
        2
      ],
      "board": [
        [
          32,
          2,
          0,
          0
        ],
        [
          2,
          8,
          0,
          0
        ],
        [
          4,
          0,
          0,
          0
        ],
        [
          2,
          0,
          0,
          0
        ]
      ]
    },
    {
      "direction": "right",
      "gained": 0,
      "spawn": [
        2,
        2,
        2
      ],
      "board": [
        [
          0,
          0,
          32,
          2
        ],
        [
          0,
          0,
          2,
          8
        ],
        [
          0,
          0,
          2,
          4
        ],
        [
          0,
          0,
          0,
          2
        ]
      ]
    },
    {
      "direction": "up",
      "gained": 4,
      "spawn": [
        1,
        1,
        2
      ],
      "board": [
        [
          0,
          0,
          32,
          2
        ],
        [
          0,
          2,
          4,
          8
        ],
        [
          0,
          0,
          0,
          4
        ],
        [
          0,
          0,
          0,
          2
        ]
      ]
    },
    {
      "direction": "left",
      "gained": 0,
      "spawn": [
        3,
        1,
        4
      ],
      "board": [
        [
          32,
          2,
          0,
          0
        ],
        [
          2,
          4,
          8,
          0
        ],
        [
          4,
          0,
          0,
          0
        ],
        [
          2,
          4,
          0,
          0
        ]
      ]
    },
    {
      "direction": "up",
      "gained": 8,
      "spawn": [
        3,
        3,
        2
      ],
      "board": [
        [
          32,
          2,
          8,
          0
        ],
        [
          2,
          8,
          0,
          0
        ],
        [
          4,
          0,
          0,
          0
        ],
        [
          2,
          0,
          0,
          2
        ]
      ]
    },
    {
      "direction": "left",
      "gained": 4,
      "spawn": [
        3,
        2,
        2
      ],
      "board": [
        [
          32,
          2,
          8,
          0
        ],
        [
          2,
          8,
          0,
          0
        ],
        [
          4,
          0,
          0,
          0
        ],
        [
          4,
          0,
          2,
          0
        ]
      ]
    },
    {
      "direction": "up",
      "gained": 8,
      "spawn": [
        2,
        1,
        2
      ],
      "board": [
        [
          32,
          2,
          8,
          0
        ],
        [
          2,
          8,
          2,
          0
        ],
        [
          8,
          2,
          0,
          0
        ],
        [
          0,
          0,
          0,
          0
        ]
      ]
    },
    {
      "direction": "right",
      "gained": 0,
      "spawn": [
        3,
        0,
        2
      ],
      "board": [
        [
          0,
          32,
          2,
          8
        ],
        [
          0,
          2,
          8,
          2
        ],
        [
          0,
          0,
          8,
          2
        ],
        [
          2,
          0,
          0,
          0
        ]
      ]
    },
    {
      "direction": "up",
      "gained": 20,
      "spawn": [
        1,
        0,
        2
      ],
      "board": [
        [
          2,
          32,
          2,
          8
        ],
        [
          2,
          2,
          16,
          4
        ],
        [
          0,
          0,
          0,
          0
        ],
        [
          0,
          0,
          0,
          0
        ]
      ]
    },
    {
      "direction": "left",
      "gained": 4,
      "spawn": [
        2,
        1,
        2
      ],
      "board": [
        [
          2,
          32,
          2,
          8
        ],
        [
          4,
          16,
          4,
          0
        ],
        [
          0,
          2,
          0,
          0
        ],
        [
          0,
          0,
          0,
          0
        ]
      ]
    },
    {
      "direction": "left",
      "gained": 0,
      "spawn": [
        3,
        3,
        2
      ],
      "board": [
        [
          2,
          32,
          2,
          8
        ],
        [
          4,
          16,
          4,
          0
        ],
        [
          2,
          0,
          0,
          0
        ],
        [
          0,
          0,
          0,
          2
        ]
      ]
    },
    {
      "direction": "right",
      "gained": 0,
      "spawn": [
        3,
        0,
        4
      ],
      "board": [
        [
          2,
          32,
          2,
          8
        ],
        [
          0,
          4,
          16,
          4
        ],
        [
          0,
          0,
          0,
          2
        ],
        [
          4,
          0,
          0,
          2
        ]
      ]
    },
    {
      "direction": "up",
      "gained": 4,
      "spawn": [
        3,
        1,
        2
      ],
      "board": [
        [
          2,
          32,
          2,
          8
        ],
        [
          4,
          4,
          16,
          4
        ],
        [
          0,
          0,
          0,
          4
        ],
        [
          0,
          2,
          0,
          0
        ]
      ]
    },
    {
      "direction": "up",
      "gained": 8,
      "spawn": [
        3,
        1,
        2
      ],
      "board": [
        [
          2,
          32,
          2,
          8
        ],
        [
          4,
          4,
          16,
          8
        ],
        [
          0,
          2,
          0,
          0
        ],
        [
          0,
          2,
          0,
          0
        ]
      ]
    },
    {
      "direction": "up",
      "gained": 20,
      "spawn": [
        3,
        0,
        2
      ],
      "board": [
        [
          2,
          32,
          2,
          16
        ],
        [
          4,
          4,
          16,
          0
        ],
        [
          0,
          4,
          0,
          0
        ],
        [
          2,
          0,
          0,
          0
        ]
      ]
    },
    {
      "direction": "right",
      "gained": 8,
      "spawn": [
        2,
        1,
        2
      ],
      "board": [
        [
          2,
          32,
          2,
          16
        ],
        [
          0,
          0,
          8,
          16
        ],
        [
          0,
          2,
          0,
          4
        ],
        [
          0,
          0,
          0,
          2
        ]
      ]
    },
    {
      "direction": "up",
      "gained": 32,
      "spawn": [
        3,
        0,
        2
      ],
      "board": [
        [
          2,
          32,
          2,
          32
        ],
        [
          0,
          2,
          8,
          4
        ],
        [
          0,
          0,
          0,
          2
        ],
        [
          2,
          0,
          0,
          0
        ]
      ]
    },
    {
      "direction": "up",
      "gained": 4,
      "spawn": [
        3,
        0,
        2
      ],
      "board": [
        [
          4,
          32,
          2,
          32
        ],
        [
          0,
          2,
          8,
          4
        ],
        [
          0,
          0,
          0,
          2
        ],
        [
          2,
          0,
          0,
          0
        ]
      ]
    },
    {
      "direction": "down",
      "gained": 0,
      "spawn": [
        0,
        0,
        2
      ],
      "board": [
        [
          2,
          0,
          0,
          0
        ],
        [
          0,
          0,
          0,
          32
        ],
        [
          4,
          32,
          2,
          4
        ],
        [
          2,
          2,
          8,
          2
        ]
      ]
    },
    {
      "direction": "left",
      "gained": 4,
      "spawn": [
        1,
        1,
        2
      ],
      "board": [
        [
          2,
          0,
          0,
          0
        ],
        [
          32,
          2,
          0,
          0
        ],
        [
          4,
          32,
          2,
          4
        ],
        [
          4,
          8,
          2,
          0
        ]
      ]
    },
    {
      "direction": "down",
      "gained": 12,
      "spawn": [
        0,
        2,
        4
      ],
      "board": [
        [
          0,
          0,
          4,
          0
        ],
        [
          2,
          2,
          0,
          0
        ],
        [
          32,
          32,
          0,
          0
        ],
        [
          8,
          8,
          4,
          4
        ]
      ]
    },
    {
      "direction": "left",
      "gained": 92,
      "spawn": [
        1,
        2,
        2
      ],
      "board": [
        [
          4,
          0,
          0,
          0
        ],
        [
          4,
          0,
          2,
          0
        ],
        [
          64,
          0,
          0,
          0
        ],
        [
          16,
          8,
          0,
          0
        ]
      ]
    }
  ],
  "initialSpawns": [
    [
      3,
      1,
      2
    ],
    [
      3,
      2,
      2
    ]
  ],
  "status": "active"
}